AP_PE_DIR=[j-]
PA_PE_DIR=[j]
AP_TRO=[0.059]
PA_TRO=[0.059]
ECHOSP=[0.00058]
TE1=[0.00492]
TE2=[0.00738]
